(
    ( 0    ( 0 0 0 ) )
    ( 1    ( 0 8.0e+06 0 ) )
    ( 2    ( 0 8.0e+06 0 ) )
    ( 3    ( 0 2.4e+07 0 ) )
    ( 4    ( 0 3.2e+07 0 ) )
    ( 5    ( 0 4.0e+07 0 ) )
    ( 6    ( 4.0 8e+07 0 ) )
    ( 7    ( 0 5.0e+07 0 ) )
    ( 8   ( 0 5.2e+07 0 ) )
    ( 9   ( 0 5.4e+07 0 ) )
    ( 10   ( 0 5.6e+07 0 ) )
    ( 11   ( 0 5.8e+07 0 ) )
    ( 12   ( 0 6.0e+07 0 ) )
    ( 13    ( 0 6.2e+07 0 ) )
    ( 14    ( 0 6.4e+07 0 ) )
    ( 15    ( 0 6.6e+07 0 ) )
    ( 16   ( 0 6.8e+07 0 ) )
    ( 17    ( 0 7.0e+07 0 ) )
    ( 18   ( 0 7.2e+07 0 ) )
    ( 19   ( 0 7.4e+07 0 ) )
    ( 20   ( 0 7.6e+07 0 ) )
    ( 21   ( 0 7.8e+07 0 ) )
    ( 22   ( 0 8.0e+07 0 ) )
    ( 23   ( 0 8.2e+07 0 ) )
    ( 24    ( 0 8.4e+07 0 ) )
    ( 25    ( 0 8.6e+07 0 ) )
    ( 26    ( 0 8.8e+07 0 ) )
    ( 27   ( 0 9.0e+07 0 ) )
    ( 28   ( 0 9.2e+07 0 ) )
    ( 29   ( 0 9.4e+07 0 ) )
    ( 30   ( 0 9.6e+07 0 ) )
    ( 31   ( 0 9.8e+07 0 ) )

)