(
    ( 0    ( 0 0 0 ) )
    ( 1    ( 2.0e+07 0 0 ) )
    ( 2    ( 4.0e+07 0 0 ) )
    ( 3    ( 6.5e+07 0 0 ) )
    ( 4    ( 8.0e+07 0 0 ) )
    ( 5    ( 1.0e+08 0 0 ) )
    ( 6    ( 1.2e+08 0 0 ) )
    ( 7    ( 1.4e+08 0 0 ) )
    ( 8    ( 1.6e+08 0 0 ) )
    ( 9    ( 1.8e+08 0 0 ) )
    ( 10    ( 2.0e+08 0 0 ) )
    ( 11    ( 2.2e+08 0 0 ) )
    ( 12    ( 2.4e+08 0 0 ) )
    ( 13    ( 2.6e+08 0 0 ) )
    ( 14    ( 2.8e+08 0 0 ) )
    ( 15    ( 3.0e+08 0 0 ) )
    ( 16    ( 3.2e+08 0 0 ) )
    ( 17    ( 3.4e+08 0 0 ) )
    ( 18    ( 3.6e+08 0 0 ) )
    ( 19    ( 3.8e+08 0 0 ) )
    ( 20    ( 4.0e+08 0 0 ) )
    ( 21    ( 4.2e+08 0 0 ) )
    ( 22    ( 4.4e+08 0 0 ) )
    ( 23   ( 4.6e+08 0 0 ) )
    ( 24    ( 4.8e+08 0 0 ) )
    ( 25   ( 5.0e+08 0 0 ) )
    ( 26   ( 5.2e+08 0 0 ) )
    ( 27   ( 5.4e+08 0 0 ) )
    ( 28   ( 5.6e+08 0 0 ) )
    ( 29   ( 5.8e+08 0 0 ) )
    ( 30   ( 6.0e+08 0 0 ) )
    ( 31    ( 6.2e+08 0 0 ) )
    ( 32    ( 6.4e+08 0 0 ) )
    ( 33    ( 6.6e+08 0 0 ) )
    ( 34   ( 6.8e+08 0 0 ) )
    ( 35    ( 7.0e+08 0 0 ) )
    ( 36   ( 7.2e+08 0 0 ) )
    ( 37   ( 7.4e+08 0 0 ) )
    ( 38   ( 7.6e+08 0 0 ) )
    ( 39   ( 7.8e+08 0 0 ) )
    ( 40   ( 8.0e+08 0 0 ) )
    ( 41   ( 8.2e+08 0 0 ) )
    ( 42    ( 8.4e+08 0 0 ) )
    ( 43    ( 8.6e+08 0 0 ) )
    ( 44    ( 8.8e+08 0 0 ) )
    ( 45   ( 9.0e+08 0 0 ) )
    ( 46   ( 9.2e+08 0 0 ) )
    ( 47   ( 9.4e+08 0 0 ) )
    ( 48   ( 9.6e+08 0 0 ) )
    ( 49   ( 9.8e+08 0 0 ) )
    ( 50   ( 1.0e+09 0 0 ) )


)