(
    ( 0    ( 0 0 0 ) )
    ( 1    ( 5.0e+06 0 0 ) )
    ( 2    ( 1.0e+07 0 0 ) )
    ( 3    ( 1.5e+07 0 0 ) )
    ( 4    ( 2.0e+07 0 0 ) )
    ( 5    ( 2.5e+07 0 0 ) )
    ( 6    ( 3.0e+07 0 0 ) )
    ( 7    ( 3.5e+07 0 0 ) )
    ( 8    ( 4.0e+07 0 0 ) )
    ( 9    ( 4.5e+07 0 0 ) )
    ( 10    ( 5.0e+07 0 0 ) )
    ( 11    ( 5.5e+07 0 0 ) )
    ( 12    ( 6.0e+07 0 0 ) )
    ( 13    ( 6.5e+07 0 0 ) )
    ( 14    ( 7.0e+07 0 0 ) )
    ( 15    ( 7.5e+07 0 0 ) )
    ( 16    ( 8.0e+07 0 0 ) )
    ( 17    ( 8.5e+07 0 0 ) )
    ( 18    ( 9.0e+07 0 0 ) )
    ( 19    ( 9.5e+07 0 0 ) )
    ( 20    ( 1.0e+08 0 0 ) )
    ( 21    ( 1.05e+08 0 0 ) )
    ( 22    ( 1.10e+08 0 0 ) )
    ( 23   ( 1.15e+08 0 0 ) )
    ( 24    ( 1.20e+08 0 0 ) )
    ( 25   ( 1.25e+08 0 0 ) )
    ( 26   ( 1.30e+08 0 0 ) )
    ( 27   ( 1.35e+08 0 0 ) )
    ( 28   ( 1.40e+08 0 0 ) )
    ( 29   ( 1.45e+08 0 0 ) )
    ( 30   ( 5.5e+08 0 0 ) )
)