(
    ( 0    ( 0 0 0 ) )
    ( 1    ( 8.0e+07 0 0 ) )
    ( 2    ( 1.6e+08 0 0 ) )
    ( 3    ( 2.4e+08 0 0 ) )
    ( 4    ( 3.2e+08 0 0 ) )
    ( 5    ( 4.0e+08 0 0 ) )
    ( 6    ( 4.8e+08 0 0 ) )
    ( 7    ( 5.0e+08 0 0 ) )
    ( 8   ( 5.2e+08 0 0 ) )
    ( 9   ( 5.4e+08 0 0 ) )
    ( 10   ( 5.6e+08 0 0 ) )
    ( 11   ( 5.8e+08 0 0 ) )
    ( 12   ( 6.0e+08 0 0 ) )
    ( 13    ( 6.2e+08 0 0 ) )
    ( 14    ( 6.4e+08 0 0 ) )
    ( 15    ( 6.6e+08 0 0 ) )
    ( 16   ( 6.8e+08 0 0 ) )
    ( 17    ( 7.0e+08 0 0 ) )
    ( 18   ( 7.2e+08 0 0 ) )
    ( 19   ( 7.4e+08 0 0 ) )
    ( 20   ( 7.6e+08 0 0 ) )
    ( 21   ( 7.8e+08 0 0 ) )
    ( 22   ( 8.0e+08 0 0 ) )
    ( 23   ( 8.2e+08 0 0 ) )
    ( 24    ( 8.4e+08 0 0 ) )
    ( 25    ( 8.6e+08 0 0 ) )
    ( 26    ( 8.8e+08 0 0 ) )
    ( 27   ( 9.0e+08 0 0 ) )
    ( 28   ( 9.2e+08 0 0 ) )
    ( 29   ( 9.4e+08 0 0 ) )
    ( 30   ( 9.6e+08 0 0 ) )
    ( 31   ( 9.8e+08 0 0 ) )

)