(
    ( 0    ( 0 0 0 ) )
    ( 1    ( 5.0e+07 0 0 ) )
    ( 2    ( 6.0e+07 0 0 ) )
    ( 3    ( 7.0e+07 0 0 ) )
    ( 4    ( 8.0e+07 0 0 ) )
    ( 5    ( 9.0e+07 0 0 ) )
    ( 6    ( 1.0e+08 0 0 ) )
    ( 7    ( 1.1e+08 0 0 ) )
    ( 8    ( 1.2e+08 0 0 ) )
    ( 9    ( 1.3e+08 0 0 ) )
    ( 10   ( 1.4e+08 0 0 ) )
    ( 11   ( 1.5e+08 0 0 ) )
    ( 12   ( 1.6e+08 0 0 ) )
    ( 13   ( 1.7e+08 0 0 ) )
    ( 14   ( 1.8e+08 0 0 ) )
    ( 15   ( 1.9e+08 0 0 ) )
    ( 16   ( 2.0e+08 0 0 ) )
    ( 17   ( 2.1e+08 0 0 ) )
    ( 18   ( 2.2e+08 0 0 ) )
    ( 19   ( 2.3e+08 0 0 ) )
    ( 20   ( 2.4e+08 0 0 ) )    
    ( 21   ( 2.5e+08 0 0 ) )
    ( 22   ( 2.6e+08 0 0 ) )
    ( 23   ( 2.7e+08 0 0 ) )
    ( 24   ( 2.8e+08 0 0 ) )
    ( 25   ( 2.9e+08 0 0 ) )
    ( 26   ( 3.0e+08 0 0 ) )    
    ( 27   ( 3.1e+08 0 0 ) )
    ( 28   ( 3.2e+08 0 0 ) )
    ( 29   ( 3.3e+08 0 0 ) )
    ( 30   ( 3.4e+08 0 0 ) )
)